name <- 5
name +1
3 + 5
2+1

